時系列データ１  

0.4, 0.96, 0.1536, 0.52, 0.998, 0.0064, 0.0255, 0.0993, 0.358, 0.919, 0.298, 0.837, 0.547, 0.991, 0.035, 0.135, 0.466, 0.995, 0.018, 0.071

時系列データ２

0.142, 0.283, 0.566, 0.867, 0.265, 0.531, 0.938, 0.124, 0.248, 0.495, 0.991, 0.018, 0.036, 0.073, 0.146, 0.292, 0.584, 0.832, 0.335, 0.671

時系列データ３

0.142, 0.283, 0.566, 0.133, 0.265, 0.531, 0.062, 0.124, 0.248, 0.495, 0.991, 0.982, 0.964, 0.927, 0.854, 0.708, 0.416, 0.832, 0.665, 0.330

時系列データ４

0.142, 0.416, 0.159, 0.593, 0.927, 0.265, 0.654, 0.536, 0.359, 0.590, 0.898, 0.979, 0.793, 0.931, 0.312, 0.116, 0.160, 0.600, 0.998, 0.980

